function [b_th,b_m,a_m,u_lon_m,u_lat_m,vel,vel_lon,acel,acel_lon,acel_lat]=var_estado(x,theta,n,F_n,mu,W_f,v_ini)
mtheta=(theta(2:end)+theta(1:end-1))./2;

%%%%%%%%%%%%



% 
% s_thetax=spline(theta,mx,theta,0);
% s_thetay=spline(theta,my,theta,0);
% s_spline=[s_thetax;s_thetay]
Sxx=[3.500000000000000  
   3.292258882683241  
   3.084517765366481  
   2.876776648049722  
   2.669035530732963  
   2.461294413416203  
   2.253553296099444  
   2.045812178782685  
   1.838071061465925 
   1.630329944149166  
   1.422588826832407  
   1.214847709515648  
   1.007106592198888 
   0.799365474882129 
   0.591624357565370 
   0.383883240248610 
   0.176142122931851  
  -0.031593736066836 
  -0.237061600156216  
  -0.432335486187040 
  -0.609018345846571  
  -0.759512570776878  
  -0.877346700286442  
  -0.957453703148032 
  -0.996388866979004 
  -0.992477925658072   
  -0.945889055093893 
  -0.858625641427417   
  -0.734440132645344   
  -0.578672678104976   
  -0.398021494694982   
  -0.200254834206120   
   0.006123100546506   
   0.213864217863264   
   0.421605335180023  
   0.629346452496783   
   0.837087569813542   
   1.044828687130302   
   1.252569804447060   
   1.460310921763820  
   1.667262148686973   
   1.867010451871276   
   2.050976795888971   
   2.211250372438786  
   2.340939195127150   
   2.434466464455310  
   2.487810377943322   
   2.501322926777481   
   2.533400732696720   
   2.607043649607410  
   2.719084929800683   
   2.864706642615520   
   3.037646852148745   
   3.230468889195969   
   3.434881138356093   
   3.642576145242177   
   3.850317262558935   
   4.058058379875696   
   4.265799497192455   
   4.473540614509213   
   4.681281731825974  
   4.889022849142733  
   5.096726219765991   
   5.303329999481320   
   5.506664064993327   
   5.704536597876001   
   5.894814651726681   
   6.075447144040108   
   6.244486965639117   
   6.400111969335651   
   6.540644611576977  
   6.664570035352078   
   6.770552399435348  
   6.857449277948247   
   6.924323975020323   
   6.970455621804997  
   6.995346947010366   
   6.998729637183417   
   6.980567228967003   
   6.941055502152815  
   6.880620369293462   
   6.799913284622378   
   6.699804221770624  
   6.581372295976545  
   6.445894131875217  
   6.294830102255879  
   6.129808586125232  
   5.952608415765175  
   5.765139701995109  
   5.569423244330872  
   5.367568747986406  
   5.161752082525651  
   4.954187821217316  
   4.746446703900555  
   4.538705586583797  
   4.330964469267038  
   4.123223351950278  
   3.915482234633520  
   3.707741117316758  
   3.500000000000000]';

 Syy=[-1.000000000000000
    -1.000000000000000
    -1.000000000000000
    -1.000000000000000
    -1.000000000000000
    -1.000000000000000
    -1.000000000000000
    -1.000000000000000
    -1.000000000000000
    -1.000000000000000
    -1.000000000000000
    -1.000000000000000
    -1.000000000000000
    -1.000000000000000
    -1.000000000000000
    -1.000000000000000
    -1.000000000000000
    -0.999500793317013
    -0.971494620536508
    -0.901712829776429
    -0.793156134958500
    -0.650492624732901
    -0.479857028182867
    -0.288586912953655
    -0.084907159652748
    0.122423719439701
    0.324490208563497
    0.512603168038744
    0.678673479340315
    0.815559888429301
    0.917376089595086
    0.979743844776317
    1.000000000000000
    1.000000000000000
    1.000000000000000
    1.000000000000000
    1.000000000000000
    1.000000000000000
    1.000000000000000
    1.000000000000000
    1.014087542620230
    1.069783182146634
    1.165479436807023
    1.297061234739691
    1.458870375881249
    1.643948842427956
    1.844338003265180
    2.051420846158964
    2.256292521250156
    2.450143261966172
    2.624637217219400
    2.772270904581518
    2.886695870449409
    2.962991682367374
    2.997877514456660
    3.000000000000000
    3.000000000000000
    3.000000000000000
    3.000000000000000
    3.000000000000000
    3.000000000000000
    3.000000000000000
    2.997659640281542
    2.976863908167343
    2.934758777017031
    2.871798114715716
    2.788660599178966
    2.686242402614753
    2.565647531328281
    2.428175925200760
    2.275309445122565
    2.108695899427784
    1.930131281515535
    1.741540410125798
    1.544956180955847
    1.342497653272373
    1.136347207732360
    0.928727021637608
    0.721875115205481
    0.518021227062557
    0.319362779008875
    0.128041189137995
    -0.053881211356746
    -0.224443408867012
    -0.381806845911835
    -0.524275239676886
    -0.650312866918787
    -0.758561118134188
    -0.847853142549709
    -0.917226426068581
    -0.965933166591302
    -0.993448334870662
    -1.000000000000000
    -1.000000000000000
    -1.000000000000000
    -1.000000000000000
    -1.000000000000000
    -1.000000000000000
    -1.000000000000000
    -1.000000000000000]';


dSxdthm=[-20.566370614359176 
-20.566370614359176 
-20.566370614359176 
-20.566370614359176 
-20.566370614359176 
-20.566370614359133 
-20.566370614359176 
-20.566370614359176 
-20.566370614359176 
-20.566370614359155
-20.566370614359155 
-20.566370614359197 
-20.566370614359187 
-20.566370614359133 
-20.566370614359187 
-20.566370614359197 
-20.565850040870028 
-20.341318544848527 
-19.332114717051592 
-17.491603106293638 
-14.898928268100310 
-11.665578821446831 
-7.930593283297454 
-3.854581219266201 
0.387183190772241 
4.612298185853681 
8.639077952981161 
12.294365369425183 
15.420977999496431 
17.884467157589409 
19.578899388397403 
20.431415540509906 
20.566370614359077 
20.566370614359187 
20.566370614359187 
20.566370614359197 
20.566370614359176 
20.566370614359087 
20.566370614359176 
20.488171465392217 
19.775082015245911 
18.212668057751809 
15.867084078431738 
12.839193446148025 
9.259199663487852 
5.281047435313170 
1.337742334581782 
3.175702786004576 
7.290648774158356 
11.092086739134034 
14.416549568668877 
17.121080743789193 
19.089381667675219 
20.236812666852288 
20.561805681722305 
20.566370614359087 
20.566370614359307 
20.566370614359087 
20.566370614359087 
20.566370614359354 
20.566370614359087 
20.562633691702523 
20.453774191817576
20.130072485688718 
19.589380755384749 
18.837527331217284 
17.882616739029320 
16.734942338301888 
15.406875365956807 
13.912731581891295 
12.268616953735005
10.492254044243751 
8.602790972776930 
6.620595010135605 
4.567033031682700 
2.464241195331494 
0.334886327132086 
-1.798078413424965 
-3.911660954604657 
-5.983078153075933 
-7.990001382437294 
-9.910797222323627 
-11.724760653613810 
-13.412338246031565 
-14.955338932314369 
-16.337130096934136 
-17.542816865645616 
-18.559402663236547 
-19.375929308759392 
-19.983595138102128 
-20.375849880614783 
-20.548861869525126 
-20.566370614359354 
-20.566370614359087 
-20.566370614359087 
-20.566370614359265 
-20.566370614359087 
-20.566370614359354 
-20.566370614359087 ]';

